30410033
34139157
31209474
32949546
33416999
28681616
29417493
30351211
29067566
32440979
32710096
29794531
29741648
29952834
30898488
32359409
31512505
31397221
28359178
29343470
32512288
31691867
30264730
32414017
30130759
33945033
33616742
33411192
33332007
31197511
34189719
30231004
34909803
32053608
30090983
29766386
34295328
31138052
33965951
33316725
34389118
33896086
33691323
30961866
28391791
34587188
32808153
32385804
31977888
31872352
34691035
32650121
30426289
31090469
30671736
34240579
29019004
34681773
31549941
30791843
32929227
34710403
33448419
28511127
33990101
30476909
34105018
33328322
28891265
32078935
33651198
33611610
32512730
32847587
28155575
31003583
28391788
30829076
28917696
33938575
32762071
29848512
34753829
32540746
34575917
33205695
32555516
30384204
34359903
31253138
33690086
29982106
29384150
33899615
31001715
32504180
29326424
31555257
32619964
30043672
33278741
32503344
28963666
30270719
31978439
35085980
32581309
33205062
28643600
28695472
34618224
31148467
33212873
31536513
33799285
33337256
31573386
29157402
29111883
31313885
33928930
29350435
32326770
32588182
30620227
32198654
31170722
29143584
28914385
32162579
35107057
29069950
34353742
34237560
33389030
30852304
35158454
30803830
35026625
34236010
32132996
33764197
34697659
33656622
30106802
30073336
30015600
31652369
32935843
28393349
33033898
29502114
32418281
34332462
29637449
34839814
32133874
31478421
30953833
33991750
31161863
33296984
31189614
32095946
32472179
34278928
33735893
30793660
35158432
34676793
33283779
33058344
29406960
31059839
33938921
32394274
29097192
32554288
33222102
30467210
34292396
34044238
29455558
29544192
32975673
33210986
33087419
32702050
30658260
29587799
28838904
33055013
29428464
28770366
29451440
34836032
35046084
32805743
32378482
33838554
31452116
28332255
33486403
34181581
31176875
34073738
28337941
28735565
29696398
29533975
31668127
31678859
35007823
34922125
30421641
32589486
31524966
33083936
34283343
28933650
28536948
31195887
29729087
32332876
33852752
34082481
33812222
30887124
32871512
30044207
33786942
33230241
29658343
29117998
33066433
33158438
29273846
29058806
31212044
31793399
32780554
31175576
28477703
28548026
34656933
29547779
33308135
29727393
32683308
33914286
33333418
30500303
32662748
34850641
34127432
32661572
29138536
34287336
34181126
28273774
32189024
30291467
31129524
31919697
32208344
27001119
32894443
30276520
33305546
28676141
32776288
30238266
34347149
31830701
32931130
35158466
34281224
33835665
28766025
28654357
30099204
31557678
32731200
31733426
29438046
33483719
28300540
32333564
31129709
34091352
33205373
30820880
30567519
35008743
28417192
28952814
29224058
30170791
30935523
34956211
34181077
34681001
31869704
30022464
33172832
31947683
32787896
33469816
32399696
28805546
31961242
33094429
33508572
33022586
32250329
33942160
32318950
32361479
34131815
28657428
33712907
30719941
33183125
30657011
32140864
31502913
34675018
34431013
32474285
31144577
31785082
28763462
32353755
31812039
27808596
30730238
32845483
30738877
30851640
27714550
33904006
32271444
34081373
28188814
32759052
34320388
28986705
33862313
34863155
28643592
33045494
32683303
30810827
32736214
31759185
29984155
33291034
29404736
31846493
32389547
29804030
31419353
29143586
30656857
28381133
30179270
29045421
33864731
29055482
32763510
30255488
29174194
32541543
31445091
34166981
31792347
34875458
32196512
28641764
28445677
32130684
31957128
34136943
33318605
31010780
29526118
30053751
28516805
30419509
28169581
30599428
31200271
34360456
32281038
31312957
29505299
31563824
31125754
30430928
32296939
31085282
30561654
32121606
30554038
31611336
29435643
32335779
32585618
28716249
32388646
31422457
29574556
29150995
31048774
31735108
31974795
30537671
28858779
31659583
30035845
30343253
30649617
32361839
30270021
32725312
28480798
30948625
31377712
32358701
32005777
32145522
33055141
27760859
29308979
32619066
28251398
32289575
32711296
29704074
29145345
31535270
29055466
28864818
30010482
30096683
32681455
30343433
28220581
28078563
32840405
30020095
30059894
28641768
31088339
32100089
28427697
32203930
30004007
30657027
29075564
27904983
31650807
32506391
31089076
30693023
29610843
33770708
33528815
31558148
30389778
32240416
28439957
29851435
27385055
31863327
35216786
29223794
31953702
29303036
30515629
30133054
29948245
28080255
29728936
28284354
31208412
34363407
27355486
32139439
29363396
29093064
28621764
30312838
28293740
30136889
30471585
29557715
30103975
30347338
29311106
33483884
32975468
31469359
33033983
32234567
33268561
28477702
29762081
32940121
32639855
30887875
33596808
28477683
34233425
31155408
33791892
32299447
28881433
32899946
30716488
27918139
28039494
31352180
30950845
32570181
29800885
28866778
34596743
31361750
30513503
33007809
30415400
31392924
33325802
27813441
34255918
32092504
33918133
32241096
33751260
30953954
31899994
32408152
33970776
34100326
32250333
30134823
32617741
32900236
30223231
33723709
27734309
30625050
35032879
34445572
34871857
32506714
31872372
32607477
32162002
34504491
34182224
32513039
31487715
28464417
34440354
30212768
30110668
31572399
34710779
28962897
33387863
33590339
31336360
32145004
29521573
28655166
32781067
27357245
31343501
34588298
33784961
29561520
31834177
32979731
30663609
35158459
32539596
29117789
31965889
32469284
29356206
29064129
31746485
29272214
30051273
27826747
32835900
32200342
32120056
31009904
31347448
33278790
34624643
32350672
27728987
31342055
32236822
28976217
28792103
29683371
31974130
31187511
29501850
33562569
32977401
29957351
29449082
29627940
34021055
34626224
32754832
29141804
28011755
32621103
33106392
33020408
33089380
31562558
34469848
31300912
29882478
30565812
34338931
33903905
28537100
28894919
33436500
31167509
33829250
32008439
29974667
32579091
32408154
30768789
31414887
29246607
29477616
27811338
32638135
29804148
31316082
28355925
29116601
28601282
29327225
34425763
31781296
31943078
30103173
27663872
32925119
30670793
30892794
28789625
33296971
31072380
30968726
34496325
29884144
28067603
31571134
28421301
33997915
32865629
29497049
34272345
33393981
25692775
31254960
33892317
27825837
30710839
29205270
34389580
30196832
30468125
32731199
30337577
33043718
30465461
29174283
33534272
30952681
32303856
29551251
32172989
33879535
29358722
33969750
29518260
30273697
33401136
32949848
32924846
30322898
34382120
30412513
29562556
27481209
28764938
31919582
34651395
33142245
32813051
32197530
28262404
30249932
27927030
31822261
33486671
31743879
35000014
32391981
31720998
32032843
33104449
33314460
30587516
31976807
28478548
30234431
31574937
32124041
32947619
32463319
34292643
30703704
34125324
33598931
33032060
31494713
31469356
32450508
35158467
31920097
30715195
32172993
33159645
30897778
28237728
32617658
30019085
31373677
31237799
28391789
29125439
28647714
32355992
33677753
30084711
34332269
33720378
33260721
31385358
32324704
33524927
35178046
29508133
33609155
28337659
30113253
29141811
27500463
28724720
28488804
32623596
32108146
33067615
28212926
29683408
28933614
27527906
28401768
31682198
33813839
30268035
33720795
29664936
29524632
32784085
32371848
28566170
32271833
32091300
30907234
33556652
31810488
30451064
33325640
33925469
31132909
34500662
28320130
31431121
33655958
31583031
33087580
35216779
29143562
28911257
29655371
33661162
28340429
31907418
30031282
30167879
34364067
30377931
28084119
32132224
29272733
30237106
28967297
30887862
29392642
34047231
34449289
30268036
29050389
33709839
30300462
29527211
32662738
27754941
28401769
32170811
32333180
30447407
30610217
31797349
32650143
29212829
30957691
32324706
32000809
34189804
29751782
33777018
32356126
28831635
32515670
33522683
29708466
31180553
31634346
30567201
29369733
34621267
32310259
29740872
33864413
27206327
30719730
29216541
31389262
33216223
32199028
27486219
29533137
32096873
30058696
34535569
31258529
28706852
31221001
31094239
33611609
33876200
33677411
28342084
32325782
28390935
30867274
29970387
34646278
31778094
34533590
31729168
29055451
35107090
31861585
30029018
33066042
29392518
33084529
29400690
33253366
29676026
32007656
28247239
31404762
29938336
31435862
30093321
28533348
34391933
34243103
28836899
34130565
32721897
33742336
33504225
30739842
31536435
31686590
33872992
33679799
28621766
29528549
33091175
33454397
28302760
29982110
31325992
31805430
30952936
31581595
32417665
30352103
28058855
34578264
32777745
28209332
28767147
30223228
31635066
34297265
32476227
29173009
31898280
32055804
34099564
34461571
33091222
31707695
30496233
32447249
30070597
33193314
33517176
30058390
28273776
32494856
32579430
33472143
29076758
29119385
34583214
29052091
32615529
29931718
32334956
33516936
33774380
32351164
30761586
29352526
28601287
29150364
32593961
29391520
29406768
31170500
33817913
33250077
30223230
33146069
34004501
28379049
34537678
32452702
31047767
28544412
28386689
30446880
33454584
33565902
30370753
32114368
34563229
33080122
33872085
33635428
31547008
34959834
35063908
29857908
29549189
29275977
32961403
30056570
32062567
29441483
31011932
32028846
33809077
32505908
34455391
30001423
32907463
30333161
31671315
29275979
34193589
29664341
30158590
29141808
30024443
29915590
31637481
34256652
33870777
31315907
29753215
31834195
31404700
32749927
31631230
31792763
30412901
32173006
33496861
33189769
33378095
34612826
33609958
29132035
31079539
29307292
34446310
30472414
29756179
34500177
32503176
32663793
28933233
28455383
33368849
28350235
28273772
32443981
31680617
34051695
31469352
31074686
28495131
35158479
33684483
32710244
30013173
30862866
32552353
29714673
34000734
31795726
33429305
31027053
31883496
28396093
31407532
29153614
30555484
33069735
29032493
33844056
34200023
32973249
31248423
33221873
32331328
29925550
33082194
30245284
30635483
34373345
33970206
33138057
29565219
32593960
30498912
31429602
32630765
30086402
34196310
28899746
31379857
30793658
30710887
34421896
32661083
28834476
30010469
31043476
32371376
29992392
32162578
32573387
34196596
28273766
30851125
34088879
33860394
28597251
32023868
31081475
31837636
33423618
32947427
28294693
32012272
31169059
30088172
32390507
31054087
29573388
27908533
35034754
32799417
32940128
32508253
31726376
33139781
34066951
31958635
29758118
28821687
34948360
34299789
30871169
29142087
29182448
31339460
29353550
31613653
28945200
31251938
32558044
33821693
31452082
29402285
27411700
30448470
32424064
29428682
30049571
28823971
31054015
34492629
27053464
31686577
30833450
33437067
28205364
31796805
28290755
31780628
33566723
30039746
31343953
29769373
33682833
34363548
29041870
27411701
34142263
31125471
33882422
33222903
28202200
33693571
28569617
29270686
30373925
28756744
28905255
32285956
33045924
32469447
32758395
31355324
30829117
34390015
29485319
29255220
32034114
29579644
29587576
29304928
30300751
28554238
32716480
29761738
31650471
27481210
27811339
29650331
34084164
31820274
29331092
34128150
32664928
29380545
31675266
31130214
28706993
34305896
30566690
32358963
33773273
29338732
32816144
28460056
32622704
30723917
32500558
34075251
31027063
29053891
29119763
29686111
30260264
29414285
30373926
32388451
29179033
29685294
33112118
32175837
31762387
31287406
34638733
33534940
33804596
31981516
30799709
33333417
33332218
28600188
28619432
31645473
29360061
29102438
28284217
31743778
30999768
33625275
28578105
32273558
31168614
32199086
31154262
32526487
28429774
30891838
31599815
33914285
33820529
31454778
28314979
31331968
34536228
29055461
28039320
30453199
30207800
31878257
28720279
33539804
31195337
29341125
34735749
33039944
31971026
34925384
31086807
28844067
31578295
34370275
32172998
32273481
28083844
32107149
30623858
29112939
33043560
29220866
30554257
29671168
30964740
31056979
35010459
28724999
32438326
31689419
32111638
30549327
34253634
31877372
31667904
30053989
28334875
29053884
30666473
30617409
33565913
28492970
33640527
30020563
33422764
29956427
31958136
29846780
34507015
31811986
33611721
30102834
29041873
28870553
33633380
31443806
28793876
30414315
33900144
31719595
28039317
31303427
30573464
32251026
33464158
33049463
33269975
32204289
29256149
29055460
31350854
29063244
29041866
32093011
32219555
32512361
30317071
34531195
30049718
28546249
32804349
31487788
30878695
29521337
32749487
32418239
32204288
31142227
33818136
31299922
28778452
31524664
32392376
30419425
32757905
31167379
29233794
28140753
28549714
32364569
34181235
31930320
33044013
30802808
29861718
30298572
28328761
30863891
32733460
32691064
33880511
32975472
29185135
32094485
34293529
32614114
29874567
32130689
34547109
29549466
33399416
32452343
33662501
32520662
29433094
31782035
33580935
30380504
33970338
33704815
31591277
28188915
33880975
32777270
30846120
33218499
29325869
30678613
32669520
34666261
32633694
28137612
33054615
28919237
29549468
32211962
31877760
32927398
32386427
30623864
31877375
28342828
30612702
31738211
32683305
34216397
29807821
34418398
33146049
28319075
32452349
30964421
31683229
31478793
28098510
32147244
34929455
34216201
29041863
33888456
30196833
30810073
34612753
33862148
30259178
32343258
31209573
31745252
30741090
30144326
30964396
28283756
34748215
28284340
31675181
31710409
28390010
31558790
31394405
28834557
28826278
32304436
28382837
33441452
31093980
29593720
33874763
32572488
28866627
30447419
28454993
31212712
31786463
32199096
34470802
30192317
30623783
32535736
32386505
30083762
33492630
31170158
31845614
34960529
29302813
29053836
32487792
31498137
29756180
32432792
32911306
29487369
32266379
29850776
34381076
30293907
33990054
30264091
32044695
32447743
30410309
32763899
35158447
33610097
33670164
29868452
33541044
28911655
34109558
32583052
33476880
32659316
31898276
28931470
31641015
31549947
33855897
32761321
33305459
33464186
31307953
28675956
34261784
32938787
29353737
29222814
31595377
29444796
34146771
31586260
34943831
29723564
33051914
35216790
29521113
35158476
32320409
29328521
33882427
29241142
32823148
32321650
28885860
31158806
28379073
31081239
28952018
29327284
33091427
32439639
31625808
31594857
28939685
33047810
31501610
30084706
29780394
31154261
32877766
32662757
35137370
31775315
32691890
32949466
32480344
29682547
32406786
32359844
32315980
28437430
30230957
32671809
30711879
30782116
31818686
35111162
32986610
33480077
29154721
32538713
32634582
28842450
30266884
32772264
33649179
32306772
32926074
33153042
30761708
29132538
33538837
33333772
32067088
29679417
31805175
29716436
29182993
30645750
32024760
28794971
32024544
32710396
34628216
33483938
29560604
33565906
29041865
32412678
32374570
32147099
30277321
29182051
29449691
27885062
30548627
34563483
28336344
31734524
33433113
30463275
31691416
28831550
30315577
31233736
29932341
29150604
29397790
28338444
33010653
31408242
29360844
33315071
33647875
30737890
32567471
32651286
32817203
29671656
32925075
30708049
28991701
29409599
30043658
31662412
33104448
31226803
34131067
29438041
33391457
34418737
28850630
32194540
34310251
29333935
28746870
28394195
30141703
31796589
33058888
31468472
30636699
32114370
34356994
32375811
28509815
32808832
31237780
30623857
32146431
31812874
28811143
31654393
34547886
34846201
32166703
32655578
31715502
31424490
27354020
32790009
32956974
33919974
30882274
28241268
32047072
28905124
33392980
26182947
34007159
29359617
33911200
28764573
31100700
28686675
33727311
32632918
28599923
27812788
32328061
31132664
30850445
29611885
31492651
28623000
29087462
31142599
34497421
34390419
32193826
30850505
33502678
33766824
33433258
32243032
32434864
30227312
30033621
29619030
32171169
29908077
32181742
29203050
30730244
28617996
30580038
31487006
34857567
31778927
30756386
31474999
31217537
33596949
32749910
33844155
33154077
31568708
32589590
34116480
33024022
32675076
29860197
34795677
32343626
33757559
34319570
31043474
31418910
33097590
33002735
32074357
29935880
33792825
34077725
31462505
30597511
28228569
32664171
28641055
34452629
31715457
29363337
31377844
30739728
33439393
29357453
30171200
29066310
30223229
32255388
32463329
29949101
32140867
33940495
29602915
33372028
29128737
32235227
29377594
28842429
32732697
33381863
28408633
29025743
33571946
29517994
31520869
33301181
33023488
31681316
30166303
34810244
30441762
32655538
28642148
30017878
32098867
33540279
33484486
29695598
28511117
28870107
27435068
32455907
32668647
33222767
28827704
32242290
30988194
29141803
29982109
31267597
29875218
31066364
29500696
32014810
32322257
29195113
33154071
28304217
34610987
31636733
30513302
28209331
28857680
28273784
32428983
33809082
32646245
29454607
31452081
33433758
34183414
31211172
32894330
33203651
32645227
28283598
29217748
34716313
30348587
33466374
28419428
31691120
31650803
27889192
31986424
28468254
29848085
27888036
31492652
32028117
32301427
31185944
33200288
28423529
32310049
30958517
28692730
31172849
33779698
33141250
31100354
28070897
31474991
34004141
28844068
33743151
31168760
31743848
28752785
31861635
30430867
27020660
31181776
28382419
32500462
28716266
27976804
33125391
34536787
30644981
30671056
34359880
32830462
30362156
29734135
31536728
31066634
31035004
30207920
29467770
28440858
32801167
31720848
32997296
32221861
28814828
28286897
30903415
28900354
34390919
32959759
34599664
28882919
32234967
29063242
30007065
28601974
30885374
32087593
30635936
32180081
30885375
28394350
30146928
30828793
32651290
33773884
32877352
30893702
33477432
32397312
35094114
32917822
30415358
34817728
34580756
34299101
28762192
29261264
29971979
34079516
33296993
31555463
28594298
34830684
29261269
33510060
35053636
34421520
35150168
30815752
34276545
34526964
31019725
28607756
29956263
28007324
35165767
33768065
33045916
34919648
31507519
28246007
33584312
34449717
34718965
34447349
33013615
34923946
35216361
34851211
31638086
28870565
32788445
34868629
33304300
34671570
30949115
30386435
29280018
29795976
32099815
35217486
33483887
35189777
31659498
30619494
31858329
33424233
31865757
34354358
29487688
34380893
34124960
35112573
34434433
35119678
35068175
29250012
29204291
33574741
34025550
32672089
30697184
32153674
34687636
34900327
34179015
29904574
30310286
35075574
29399047
33708100
34956035
34553320
30809137
32615673
29321723
35204021
30415356
34262521
34123935
30315481
32290388
29687026
33967938
31456737
32425869
33587955
35146841
32733354
30271331
29261261
30619040
30150969
34123937
33414700
28389936
29326635
35029742
29571879
31175467
31205739
32542086
33732113
33842886
35100924
35000469
34724236
32655367
34959343
33474621
28385182
31847439
32521719
33551971
35203440
29187851
31362360
32326227
29137922
34108859
35211120
34450231
29222794
31569668
35245791
30815035
28730572
30111755
32548740
33110621
28795383
30196327
31869598
29184534
34044680
32880515
28761351
33803287
34421801
30692962
31812115
34859382
31681155
34816315
35197915
29467711
28928746
33520145
28480777
33240192
35064863
34543449
30135651
34073464
31598329
34378437
32922384
34714518
35134111
30733696
34682817
31740077
34741240
34104220
35239006
30057552
35230471
31884385
34177447
34800403
34356125
32244639
31766489
32245176
31205439
30900096
34278056
28676349
34074025
32046748
34799405
28443057
34170432
33704600
34940751
29407463
33329329
35018548
33815241
29430694
32158424
34832977
30323787
31016045
33096861
31597322
32696341
35166977
29731736
34410198
34216532
32181303
32625161
35123059
34208650
33379309
30792684
34625925
32655374
32874192
30050386
28980667
28974941
34950403
34421797
31670209
34744958
33562572
35259168
29854416
32540745
35153994
35265024
35088141
29225852
34704024
34589053
35063202
32419751
33151415
35029733
28878732
35096143
29021840
34566620
34884308
32965168
33679320
33147889
33259243
31297130
29492193
29033895
34432258
33806248
32695059
30467010
35269932
33919244
32852580
30837932
29882152
34827444
34104473
35003758
32838149
29933552
32060877
35102733
32670824
30911401
34748015
32441587
32863783
31250663
31244599
35092543
32849215
34328817
34207923
32823496
30619471
33499269
34630027
32694983
34943240
34035835
33746887
33717501
28607759
34744992
33981201
33553161
33291835
33207780
29588144
32132244
33584496
33269758
34956054
34687120
34378456
30804745
34206853
33981281
34679405
34965771
33085050
34766895
34177727
33297884
32447551
31723572
34484107
32973667
34595972
28332001
34984514
33328843
29118761
33809698
30956686
33240038
34582062
34940752
32733206
27915429
29719400
28928705
29375340
34561786
28674518
34305785
33335478
32116983
28386258
34690670
32767908
32087534
31068896
30949781
29023416
34269618
30567305
35173669
33266435
32431658
34985619
31024431
33808278
32116584
29125019
33692703
32819780
32664399
35171373
29777524
35183994
33414927
33259004
32432099
30498433
28615922
32978726
33921878
34925346
31956323
34512507
34889895
34827520
35170406
34820734
30177910
29629362
34387534
35082605
34358152
33416892
34069276
33717425
32625163
29593697
32655689
30873027
28218429
29521197
33080806
33269761
34496454
30140216
34456850
34867701
30531078
35008513
34328824
29274834
29259997
31835502
33407639
33194220
30967828
29051829
33094209
35269597
35204700
35207216
33815257
33193033
33041959
33921278
33708157
30936568
27878471
34985238
32587633
28647405
31323630
31069107
28671487
31738884
34697961
34210167
29454521
30405526
34761861
33106103
31832225
27231339
31143191
33339402
34539545
33192314
33918861
31362644
32983469
35006460
31766124
27743612
33333889
34682120
29104740
35021982
32688146
28791614
31354402
35245817
31398658
33329762
29209169
34899579
28954717
32666470
34748672
28412473
33833660
28555437
30375762
31100693
34276310
30834139
33553502
29147137
30853896
31471385
32722601
30515077
34374174
33586209
35185762
34899572
33218213
29937712
30987753
29603839
34125626
28276775
34203507
33190197
34890003
34605323
33066071
31325110
28733203
28212793
34430087
35168094
32425509
28553634
29327668
28985544
35054216
34070030
35225946
30513991
29549794
34132146
29452342
29801894
33815259
32989721
34652243
34599741
32163190
34441245
34328544
32498362
34945052
35174417
32760600
31024433
32143546
33803307
30016662
33519699
33802029
35177080
32032765
31901758
34391817
30210582
33530366
32679694
32344515
28831591
30639646
35076808
34490928
34590873
32431655
35018577
35179760
32442864
34879272
30081317
28730939
33486703
30405913
29204292
31717475
28804745
34695274
33995240
29511865
34471543
34070298
35132719
33187271
31040881
29724224
34209692
35229668
35047017
31060286
34894339
28822061
32209270
33448358
34484925
34913096
34045951
33260401
32414131
31963428
30910443
31150575
29519720
34276381
33724638
34290665
34435257
33383031
29691208
34165694
33362684
33178104
31671619
33924346
31824398
33482864
33851318
32410147
29068387
31684843
32733680
32495625
30640576
33510056
29030765
29302779
34124963
34406895
34882037
35182510
33800571
29665426
33110620
35213279
34194382
31869600
35204724
34904715
31138656
32478179
28603479
35048162
35078125
34975927
31687212
29424466
28793777
30305850
34792783
28904988
34659455
33769020
31281342
35011468
30761069
29304807
33557057
34558001
30037978
34943042
34046214
32503080
32765407
33889069
35203978
32530385
35196927
28912682
32743522
32530366
35147650
33743785
32932824
34048323
32636933
34558755
32378022
31379701
32935069
35272145
33986958
30623063
31144589
35151849
29324654
34388533
35164175
33807572
34298893
33279637
34992237
34225557
30828461
33623706
32106022
33518426
32499887
32517315
29290836
32184755
34418402
35094961
34603507
31523449
32226427
32112451
34442365
35048999
33462263
30941020
28230618
31627347
35142571
31518822
33296987
30270399
32828963
33566725
28219703
31831863
33666900
32594028
35054296
33436077
33493363
34720200
32659199
35272146
35035297
34413902
33923390
27033198
35205376
30650943
31363836
35054041
31555262
28710056
34944714
34650209
28637354
28990513
31339446
31752357
34649879
31948640
33726947
31696392
30196840
33510947
29560379
33599955
33998773
34690702
32659950
31751105
28959705
32971792
33712969
34525524
34711761
33957715
30552620
28729851
31713757
34494237
29376094
29399054
33408681
31677967
31221190
31473144
31126876
29752443
33481693
29248481
34392263
34357139
28167127
34201693
30136898
34498172
28387380
28844756
31978952
30967444
30581410
29495967
30522497
30697576
35182207
31134091
31026608
27174535
30155701
33789493
31207467
28601575
32435405
29472384
33671219
29589534
29054920
32188741
32402100
30987052
34495535
29941830
33110010
30569280
34800172
33447018
29370869
30915227
32292487
33161233
34853898
35043454
32600794
32453521
28923363
34906393
34322454
32940597
33041963
32989588
31410046
34537386
29141574
29473171
33155932
30967831
28753768
34149716
34767684
34829877
28795610
33977307
32559285
31160225
28351724
35207439
34980990
30229564
34240656
31096716
30467372
31529689
30233056
35220114
33472915
33800163
30340030
29797112
32528949
29434586
33628508
32325694
32982934
29046884
32047434
31921115
31827467
30483053
33481070
30406604
32008573
30615116
33461946
32883358
31475000
29156894
34571840
30554828
33640477
34607928
33562446
35184706
30087647
31879693
31555167
31721696
29620790
29260540
31857550
30870435
32528964
31783688
31444679
32349258
32401624
34727256
34408003
34857024
34069538
33383071
31455763
33601213
34716250
34684842
32605792
31148590
35064575
28076964
28231395
31694337
30716415
30760643
34759021
30057537
32756501
33923599
30972141
35055625
30730551
34445401
35216793
27787447
30425261
31864098
33679757
29568544
33921376
32175830
31871065
30689576
30633445
33852086
33262001
31035854
28578466
32674342
33879599
32656344
32690539
32939516
31205957
33794553
33709035
33886098
34054415
28479483
31200447
32708322
34690707
30063864
28187508
34955663
28127747
30262735
35137914
33030138
33160234
29076800
30215191
32516966
35047187
30668642
30662276
32519125
34065720
35059473
28980128
29988739
29379319
34188626
34054413
33804320
31747197
33139601
31803028
29618972
34014000
35128357
34899987
33774762
32819574
31222543
30123982
35094172
34264379
31773358
33793037
30984192
34067632
33567628
32431591
28939905
31941999
31572282
29893479
35107690
31246611
31152967
28434044
28332040
31837153
31774956
32822833
28620717
31214917
33102110
29154076
34921350
29529539
33636614
35159280
33971224
32514635
32033365
31731893
29480190
33928565
32880969
28112808
34828768
28594322
30918455
35236311
34985239
34720882
32223976
34207559
34803929
33692806
32875645
30345330
30178160
29737455
34135730
35156160
34361850
28754097
28404827
29023856
34603029
31541980
29597251
35247673
28120152
28882452
32612572
32598300
35105685
35115728
28757328
29537711
34601207
29776943
32733906
32806516
32798803
31533339
32473843
30619624
30591017
29334986
33276461
32340510
32623595
30144068
28608697
34979121
32899626
35145730
32046349
31235653
32250234
31713755
29706647
33498197
28647490
28349074
35268744
31427962
27889959
30851485
29697822
35093968
32174912
34378446
34698147
32793100
32336495
33134918
32306171
31610404
31882960
30692524
28969374
27871938
28448871
34960174
34439710
32819346
33723372
30375462
35101921
33535487
33986036
32942748
30845709
29072042
34502368
32600459
32397674
31068940
29351742
28870058
30159145
33804386
30441775
28377696
32580360
32455692
32545788
28121007
34042413
35148827
32582218
31351264
33669304
29119937
32086854
32218774
32344747
33589593
34031902
33113845
34770777
29520641
33355508
31896061
33360973
34472461
29687175
35149929
34051113
28653281
28210983
33807720
33401503
33277253
34605890
34117527
32697933
34708205
31174819
34974309
33390907
29108826
34665708
34021772
30407295
29164584
29495962
30873947
35258154
31517061
33577891
35203918
29382036
32732259
32736564
31444357
28566288
31209783
34904753
31158268
33171772
31941643
31680868
34112028
34813998
31339787
31922472
31450955
32030995
29934763
28397197
34354735
31940114
28603768
34451927
31019453
30483078
31410485
34479601
32790935
33922780
33675110
32192920
33572907
32306456
33964315
31024007
35207772
30660382
30498976
33601107
30586461
28672031
28579820
32863231
29249165
29447086
35056786
32311085
31327084
34564299
30210286
29385927
29460044
30777084
33039617
33506622
29176798
29745872
30005051
29378663
35003566
30532679
29879894
32725835
33672225
33191096
31815078
33338593
33123038
34054547
29141652
34711650
35159390
28229821
32954437
29478844
31629075
33035555
32039403
30303592
34845312
34360699
32503088
32794588
30118900
29355711
31737644
28624334
34449533
30344507
28835464
32758336
32730846
28572048
29305855
35231481
33193078
30200237
33176999
33900394
33744916
32301840
34752805
30046564
28298211
33383658
31090139
29296926
31206160
33677309
30987675
32476476
32443978
32612235
29803222
33258120
31039793
30332768
30690441
33937837
31877445
33326854
30005812
32421156
31983379
34152937
33442578
35121011
30335591
31764972
33431881
32308803
35217500
32379055
33693626
34542573
32754994
34769328
32075696
30620104
31680161
34376242
35057809
33976934
29423615
29392753
33007212
34521260
31344443
30289086
32479602
31309775
33826607
34650191
34590504
33136137
33122310
28499034
31280619
32327391
34245684
28675556
32988845
34526385
31901449
32560258
30868117
30337192
30937520
33910937
28213892
28786877
33977144
28912672
30905846
29388323
33372052
32695066
33115544
34806766
32309885
29946510
31662322
34481900
29128334
29771006
33523907
34607924
30252044
29212830
31619697
30001923
30606727
33384291
28863857
33881612
32693965
34538573
34997937
30586071
29293537
31542068
31609380
32638196
33455083
31672989
34907394
35074870
32079645
34873335
32413554
33304583
34182555
32782260
34561430
33634751
31407831
34967848
31560378
31915273
32332142
32839249
31619795